<svg width="100%" height="auto" viewBox="0 0 1440 105" fill="none" xmlns="http://www.w3.org/2000/svg">
<g clip-path="url(#clip0_233_126)">
<path d="M-713.074 26.5425C-705.034 46.8925 -682.704 57.6525 -661.774 51.2425C-625.394 40.1025 -594.164 79.2625 -613.124 112.252C-624.024 131.232 -618.514 155.402 -600.454 167.762C-569.064 189.262 -580.204 238.092 -617.814 243.842C-639.444 247.152 -654.904 266.532 -653.314 288.362C-650.544 326.312 -695.674 348.043 -723.614 322.223C-739.684 307.373 -764.474 307.373 -780.554 322.223C-808.494 348.043 -853.624 326.312 -850.854 288.362C-849.264 266.532 -864.724 247.152 -886.354 243.842C-923.964 238.092 -935.114 189.262 -903.714 167.762C-885.654 155.392 -880.144 131.222 -891.044 112.252C-910.004 79.2625 -878.774 40.1025 -842.394 51.2425C-821.464 57.6525 -799.134 46.9025 -791.094 26.5425C-777.124 -8.8475 -727.034 -8.8475 -713.064 26.5425" fill="#00A27E"/>
<path d="M526.926 26.5425C534.966 46.8925 557.296 57.6525 578.226 51.2425C614.606 40.1025 645.836 79.2625 626.876 112.252C615.976 131.232 621.486 155.402 639.546 167.762C670.936 189.262 659.796 238.092 622.186 243.842C600.556 247.152 585.096 266.532 586.686 288.362C589.456 326.312 544.326 348.043 516.386 322.223C500.316 307.373 475.526 307.373 459.446 322.223C431.506 348.043 386.376 326.312 389.146 288.362C390.736 266.532 375.276 247.152 353.646 243.842C316.036 238.092 304.886 189.262 336.286 167.762C354.346 155.392 359.856 131.222 348.956 112.252C329.996 79.2625 361.226 40.1025 397.606 51.2425C418.536 57.6525 440.866 46.9025 448.906 26.5425C462.876 -8.8475 512.966 -8.8475 526.936 26.5425" fill="#00A27E"/>
<path d="M-93.0741 26.5425C-85.0341 46.8925 -62.7041 57.6525 -41.7741 51.2425C-5.39411 40.1025 25.8359 79.2625 6.87585 112.252C-4.02415 131.232 1.4859 155.402 19.5459 167.762C50.9359 189.262 39.7959 238.092 2.18585 243.842C-19.4441 247.152 -34.9041 266.532 -33.3141 288.362C-30.5441 326.312 -75.6741 348.043 -103.614 322.223C-119.684 307.373 -144.474 307.373 -160.554 322.223C-188.494 348.043 -233.624 326.312 -230.854 288.362C-229.264 266.532 -244.724 247.152 -266.354 243.842C-303.964 238.092 -315.114 189.262 -283.714 167.762C-265.654 155.392 -260.144 131.222 -271.044 112.252C-290.004 79.2625 -258.774 40.1025 -222.394 51.2425C-201.464 57.6525 -179.134 46.9025 -171.094 26.5425C-157.124 -8.8475 -107.034 -8.8475 -93.0641 26.5425" fill="#00A27E"/>
<path d="M1146.93 26.5425C1154.97 46.8925 1177.3 57.6525 1198.23 51.2425C1234.61 40.1025 1265.84 79.2625 1246.88 112.252C1235.98 131.232 1241.49 155.402 1259.55 167.762C1290.94 189.262 1279.8 238.092 1242.19 243.842C1220.56 247.152 1205.1 266.532 1206.69 288.362C1209.46 326.312 1164.33 348.043 1136.39 322.223C1120.32 307.373 1095.53 307.373 1079.45 322.223C1051.51 348.043 1006.38 326.312 1009.15 288.362C1010.74 266.532 995.276 247.152 973.646 243.842C936.036 238.092 924.886 189.262 956.286 167.762C974.346 155.392 979.856 131.222 968.956 112.252C949.996 79.2625 981.226 40.1025 1017.61 51.2425C1038.54 57.6525 1060.87 46.9025 1068.91 26.5425C1082.88 -8.8475 1132.97 -8.8475 1146.94 26.5425" fill="#00A27E"/>
<path d="M1766.93 26.5425C1774.97 46.8925 1797.3 57.6525 1818.23 51.2425C1854.61 40.1025 1885.84 79.2625 1866.88 112.252C1855.98 131.232 1861.49 155.402 1879.55 167.762C1910.94 189.262 1899.8 238.092 1862.19 243.842C1840.56 247.152 1825.1 266.532 1826.69 288.362C1829.46 326.312 1784.33 348.043 1756.39 322.223C1740.32 307.373 1715.53 307.373 1699.45 322.223C1671.51 348.043 1626.38 326.312 1629.15 288.362C1630.74 266.532 1615.28 247.152 1593.65 243.842C1556.04 238.092 1544.89 189.262 1576.29 167.762C1594.35 155.392 1599.86 131.222 1588.96 112.252C1570 79.2625 1601.23 40.1025 1637.61 51.2425C1658.54 57.6525 1680.87 46.9025 1688.91 26.5425C1702.88 -8.8475 1752.97 -8.8475 1766.94 26.5425" fill="#00A27E"/>
<path d="M-403.074 26.5425C-395.034 46.8925 -372.704 57.6525 -351.774 51.2425C-315.394 40.1025 -284.164 79.2625 -303.124 112.252C-314.024 131.232 -308.514 155.402 -290.454 167.762C-259.064 189.262 -270.204 238.092 -307.814 243.842C-329.444 247.152 -344.904 266.532 -343.314 288.362C-340.544 326.312 -385.674 348.043 -413.614 322.223C-429.684 307.373 -454.474 307.373 -470.554 322.223C-498.494 348.043 -543.624 326.312 -540.854 288.362C-539.264 266.532 -554.724 247.152 -576.354 243.842C-613.964 238.092 -625.114 189.262 -593.714 167.762C-575.654 155.392 -570.144 131.222 -581.044 112.252C-600.004 79.2625 -568.774 40.1025 -532.394 51.2425C-511.464 57.6525 -489.134 46.9025 -481.094 26.5425C-467.124 -8.8475 -417.034 -8.8475 -403.064 26.5425" fill="#00A27E"/>
<path d="M836.926 26.5425C844.966 46.8925 867.296 57.6525 888.226 51.2425C924.606 40.1025 955.836 79.2625 936.876 112.252C925.976 131.232 931.486 155.402 949.546 167.762C980.936 189.262 969.796 238.092 932.186 243.842C910.556 247.152 895.096 266.532 896.686 288.362C899.456 326.312 854.326 348.043 826.386 322.223C810.316 307.373 785.526 307.373 769.446 322.223C741.506 348.043 696.376 326.312 699.146 288.362C700.736 266.532 685.276 247.152 663.646 243.842C626.036 238.092 614.886 189.262 646.286 167.762C664.346 155.392 669.856 131.222 658.956 112.252C639.996 79.2625 671.226 40.1025 707.606 51.2425C728.536 57.6525 750.866 46.9025 758.906 26.5425C772.876 -8.8475 822.966 -8.8475 836.936 26.5425" fill="#00A27E"/>
<path d="M216.926 26.5425C224.966 46.8925 247.296 57.6525 268.226 51.2425C304.606 40.1025 335.836 79.2625 316.876 112.252C305.976 131.232 311.486 155.402 329.546 167.762C360.936 189.262 349.796 238.092 312.186 243.842C290.556 247.152 275.096 266.532 276.686 288.362C279.456 326.312 234.326 348.043 206.386 322.223C190.316 307.373 165.526 307.373 149.446 322.223C121.506 348.043 76.3759 326.312 79.1459 288.362C80.7359 266.532 65.2758 247.152 43.6458 243.842C6.03581 238.092 -5.11417 189.262 26.2858 167.762C44.3458 155.392 49.8558 131.222 38.9558 112.252C19.9958 79.2625 51.2259 40.1025 87.6059 51.2425C108.536 57.6525 130.866 46.9025 138.906 26.5425C152.876 -8.8475 202.966 -8.8475 216.936 26.5425" fill="#00A27E"/>
<path d="M1456.93 26.5425C1464.97 46.8925 1487.3 57.6525 1508.23 51.2425C1544.61 40.1025 1575.84 79.2625 1556.88 112.252C1545.98 131.232 1551.49 155.402 1569.55 167.762C1600.94 189.262 1589.8 238.092 1552.19 243.842C1530.56 247.152 1515.1 266.532 1516.69 288.362C1519.46 326.312 1474.33 348.043 1446.39 322.223C1430.32 307.373 1405.53 307.373 1389.45 322.223C1361.51 348.043 1316.38 326.312 1319.15 288.362C1320.74 266.532 1305.28 247.152 1283.65 243.842C1246.04 238.092 1234.89 189.262 1266.29 167.762C1284.35 155.392 1289.86 131.222 1278.96 112.252C1260 79.2625 1291.23 40.1025 1327.61 51.2425C1348.54 57.6525 1370.87 46.9025 1378.91 26.5425C1392.88 -8.8475 1442.97 -8.8475 1456.94 26.5425" fill="#00A27E"/>
<path d="M2076.93 26.5425C2084.97 46.8925 2107.3 57.6525 2128.23 51.2425C2164.61 40.1025 2195.84 79.2625 2176.88 112.252C2165.98 131.232 2171.49 155.402 2189.55 167.762C2220.94 189.262 2209.8 238.092 2172.19 243.842C2150.56 247.152 2135.1 266.532 2136.69 288.362C2139.46 326.312 2094.33 348.043 2066.39 322.223C2050.32 307.373 2025.53 307.373 2009.45 322.223C1981.51 348.043 1936.38 326.312 1939.15 288.362C1940.74 266.532 1925.28 247.152 1903.65 243.842C1866.04 238.092 1854.89 189.262 1886.29 167.762C1904.35 155.392 1909.86 131.222 1898.96 112.252C1880 79.2625 1911.23 40.1025 1947.61 51.2425C1968.54 57.6525 1990.87 46.9025 1998.91 26.5425C2012.88 -8.8475 2062.97 -8.8475 2076.94 26.5425" fill="#00A27E"/>
<path d="M-558.074 26.5425C-550.034 46.8925 -527.704 57.6525 -506.774 51.2425C-470.394 40.1025 -439.164 79.2625 -458.124 112.252C-469.024 131.232 -463.514 155.402 -445.454 167.762C-414.064 189.262 -425.204 238.092 -462.814 243.842C-484.444 247.152 -499.904 266.532 -498.314 288.362C-495.544 326.312 -540.674 348.043 -568.614 322.223C-584.684 307.373 -609.474 307.373 -625.554 322.223C-653.494 348.043 -698.624 326.312 -695.854 288.362C-694.264 266.532 -709.724 247.152 -731.354 243.842C-768.964 238.092 -780.114 189.262 -748.714 167.762C-730.654 155.392 -725.144 131.222 -736.044 112.252C-755.004 79.2625 -723.774 40.1025 -687.394 51.2425C-666.464 57.6525 -644.134 46.9025 -636.094 26.5425C-622.124 -8.8475 -572.034 -8.8475 -558.064 26.5425" fill="#00A27E"/>
<path d="M681.926 26.5425C689.966 46.8925 712.296 57.6525 733.226 51.2425C769.606 40.1025 800.836 79.2625 781.876 112.252C770.976 131.232 776.486 155.402 794.546 167.762C825.936 189.262 814.796 238.092 777.186 243.842C755.556 247.152 740.096 266.532 741.686 288.362C744.456 326.312 699.326 348.043 671.386 322.223C655.316 307.373 630.526 307.373 614.446 322.223C586.506 348.043 541.376 326.312 544.146 288.362C545.736 266.532 530.276 247.152 508.646 243.842C471.036 238.092 459.886 189.262 491.286 167.762C509.346 155.392 514.856 131.222 503.956 112.252C484.996 79.2625 516.226 40.1025 552.606 51.2425C573.536 57.6525 595.866 46.9025 603.906 26.5425C617.876 -8.8475 667.966 -8.8475 681.936 26.5425" fill="#00A27E"/>
<path d="M61.9259 26.5425C69.9659 46.8925 92.2958 57.6525 113.226 51.2425C149.606 40.1025 180.836 79.2625 161.876 112.252C150.976 131.232 156.486 155.402 174.546 167.762C205.936 189.262 194.796 238.092 157.186 243.842C135.556 247.152 120.096 266.532 121.686 288.362C124.456 326.312 79.3259 348.043 51.3859 322.223C35.3159 307.373 10.5259 307.373 -5.55414 322.223C-33.4941 348.043 -78.6241 326.312 -75.8541 288.362C-74.2641 266.532 -89.7242 247.152 -111.354 243.842C-148.964 238.092 -160.114 189.262 -128.714 167.762C-110.654 155.392 -105.144 131.222 -116.044 112.252C-135.004 79.2625 -103.774 40.1025 -67.3941 51.2425C-46.4641 57.6525 -24.1341 46.9025 -16.0941 26.5425C-2.12412 -8.8475 47.9659 -8.8475 61.9359 26.5425" fill="#00A27E"/>
<path d="M1301.93 26.5425C1309.97 46.8925 1332.3 57.6525 1353.23 51.2425C1389.61 40.1025 1420.84 79.2625 1401.88 112.252C1390.98 131.232 1396.49 155.402 1414.55 167.762C1445.94 189.262 1434.8 238.092 1397.19 243.842C1375.56 247.152 1360.1 266.532 1361.69 288.362C1364.46 326.312 1319.33 348.043 1291.39 322.223C1275.32 307.373 1250.53 307.373 1234.45 322.223C1206.51 348.043 1161.38 326.312 1164.15 288.362C1165.74 266.532 1150.28 247.152 1128.65 243.842C1091.04 238.092 1079.89 189.262 1111.29 167.762C1129.35 155.392 1134.86 131.222 1123.96 112.252C1105 79.2625 1136.23 40.1025 1172.61 51.2425C1193.54 57.6525 1215.87 46.9025 1223.91 26.5425C1237.88 -8.8475 1287.97 -8.8475 1301.94 26.5425" fill="#00A27E"/>
<path d="M1921.93 26.5425C1929.97 46.8925 1952.3 57.6525 1973.23 51.2425C2009.61 40.1025 2040.84 79.2625 2021.88 112.252C2010.98 131.232 2016.49 155.402 2034.55 167.762C2065.94 189.262 2054.8 238.092 2017.19 243.842C1995.56 247.152 1980.1 266.532 1981.69 288.362C1984.46 326.312 1939.33 348.043 1911.39 322.223C1895.32 307.373 1870.53 307.373 1854.45 322.223C1826.51 348.043 1781.38 326.312 1784.15 288.362C1785.74 266.532 1770.28 247.152 1748.65 243.842C1711.04 238.092 1699.89 189.262 1731.29 167.762C1749.35 155.392 1754.86 131.222 1743.96 112.252C1725 79.2625 1756.23 40.1025 1792.61 51.2425C1813.54 57.6525 1835.87 46.9025 1843.91 26.5425C1857.88 -8.8475 1907.97 -8.8475 1921.94 26.5425" fill="#00A27E"/>
<path d="M-248.074 26.5425C-240.034 46.8925 -217.704 57.6525 -196.774 51.2425C-160.394 40.1025 -129.164 79.2625 -148.124 112.252C-159.024 131.232 -153.514 155.402 -135.454 167.762C-104.064 189.262 -115.204 238.092 -152.814 243.842C-174.444 247.152 -189.904 266.532 -188.314 288.362C-185.544 326.312 -230.674 348.043 -258.614 322.223C-274.684 307.373 -299.474 307.373 -315.554 322.223C-343.494 348.043 -388.624 326.312 -385.854 288.362C-384.264 266.532 -399.724 247.152 -421.354 243.842C-458.964 238.092 -470.114 189.262 -438.714 167.762C-420.654 155.392 -415.144 131.222 -426.044 112.252C-445.004 79.2625 -413.774 40.1025 -377.394 51.2425C-356.464 57.6525 -334.134 46.9025 -326.094 26.5425C-312.124 -8.8475 -262.034 -8.8475 -248.064 26.5425" fill="#00A27E"/>
<path d="M991.926 26.5425C999.966 46.8925 1022.3 57.6525 1043.23 51.2425C1079.61 40.1025 1110.84 79.2625 1091.88 112.252C1080.98 131.232 1086.49 155.402 1104.55 167.762C1135.94 189.262 1124.8 238.092 1087.19 243.842C1065.56 247.152 1050.1 266.532 1051.69 288.362C1054.46 326.312 1009.33 348.043 981.386 322.223C965.316 307.373 940.526 307.373 924.446 322.223C896.506 348.043 851.376 326.312 854.146 288.362C855.736 266.532 840.276 247.152 818.646 243.842C781.036 238.092 769.886 189.262 801.286 167.762C819.346 155.392 824.856 131.222 813.956 112.252C794.996 79.2625 826.226 40.1025 862.606 51.2425C883.536 57.6525 905.866 46.9025 913.906 26.5425C927.876 -8.8475 977.966 -8.8475 991.936 26.5425" fill="#00A27E"/>
<path d="M371.926 26.5425C379.966 46.8925 402.296 57.6525 423.226 51.2425C459.606 40.1025 490.836 79.2625 471.876 112.252C460.976 131.232 466.486 155.402 484.546 167.762C515.936 189.262 504.796 238.092 467.186 243.842C445.556 247.152 430.096 266.532 431.686 288.362C434.456 326.312 389.326 348.043 361.386 322.223C345.316 307.373 320.526 307.373 304.446 322.223C276.506 348.043 231.376 326.312 234.146 288.362C235.736 266.532 220.276 247.152 198.646 243.842C161.036 238.092 149.886 189.262 181.286 167.762C199.346 155.392 204.856 131.222 193.956 112.252C174.996 79.2625 206.226 40.1025 242.606 51.2425C263.536 57.6525 285.866 46.9025 293.906 26.5425C307.876 -8.8475 357.966 -8.8475 371.936 26.5425" fill="#00A27E"/>
<path d="M1611.93 26.5425C1619.97 46.8925 1642.3 57.6525 1663.23 51.2425C1699.61 40.1025 1730.84 79.2625 1711.88 112.252C1700.98 131.232 1706.49 155.402 1724.55 167.762C1755.94 189.262 1744.8 238.092 1707.19 243.842C1685.56 247.152 1670.1 266.532 1671.69 288.362C1674.46 326.312 1629.33 348.043 1601.39 322.223C1585.32 307.373 1560.53 307.373 1544.45 322.223C1516.51 348.043 1471.38 326.312 1474.15 288.362C1475.74 266.532 1460.28 247.152 1438.65 243.842C1401.04 238.092 1389.89 189.262 1421.29 167.762C1439.35 155.392 1444.86 131.222 1433.96 112.252C1415 79.2625 1446.23 40.1025 1482.61 51.2425C1503.54 57.6525 1525.87 46.9025 1533.91 26.5425C1547.88 -8.8475 1597.97 -8.8475 1611.94 26.5425" fill="#00A27E"/>
<path d="M2231.93 26.5425C2239.97 46.8925 2262.3 57.6525 2283.23 51.2425C2319.61 40.1025 2350.84 79.2625 2331.88 112.252C2320.98 131.232 2326.49 155.402 2344.55 167.762C2375.94 189.262 2364.8 238.092 2327.19 243.842C2305.56 247.152 2290.1 266.532 2291.69 288.362C2294.46 326.312 2249.33 348.043 2221.39 322.223C2205.32 307.373 2180.53 307.373 2164.45 322.223C2136.51 348.043 2091.38 326.312 2094.15 288.362C2095.74 266.532 2080.28 247.152 2058.65 243.842C2021.04 238.092 2009.89 189.262 2041.29 167.762C2059.35 155.392 2064.86 131.222 2053.96 112.252C2035 79.2625 2066.23 40.1025 2102.61 51.2425C2123.54 57.6525 2145.87 46.9025 2153.91 26.5425C2167.88 -8.8475 2217.97 -8.8475 2231.94 26.5425" fill="#00A27E"/>
</g>
<defs>
<clipPath id="clip0_233_126">
<rect width="1440" height="105" fill="white"/>
</clipPath>
</defs>
</svg>
